37.529863	126.951035
37.523366	126.93845
37.538894	126.899952
37.458528	126.910335
37.538153	126.94353
37.543874	126.926267
37.571288	126.957048
37.56681	126.947218
37.520942	126.998271
37.519359	126.96784
37.580518	126.951715
37.55546	126.937942
37.598774	126.937349
37.616293	126.923797
37.630495	126.919152
37.5184987	127.083119
37.53242494	127.105359
37.5613081	126.8974906
37.58652759	126.9355258
37.608474	126.999593
37.60253538	127.0349405
37.57523304	127.0345748
37.54102941	126.8888918
37.48529747	126.873662
37.61485704	127.0683752
37.52384774	127.0629887
37.47582147	127.0597327
37.460263	127.0747101
37.53099824	127.0642008
37.53231407	127.0362305
37.56431246	126.8841539
37.57478	126.967399
37.592354	126.96611
37.55612072	126.9771082
37.55531191	126.9768024
37.5509993	127.1009283
37.55862257	127.1116912
37.54697921	127.099562
37.58085163	127.0751805
37.56126225	127.0711586
37.59580681	127.0616151
37.60481161	127.0676556
37.600516	127.067402
37.574832	127.04356
37.5945697	126.9909663
37.60641251	126.9989458
37.60120274	127.0123705
37.58942931	127.0054183
37.58828123	127.0105789
37.60467951	127.0250401
37.60047359	127.0228207
37.59819945	127.0146841
37.60896981	126.9994158
37.61305734	127.0074147
37.61551116	127.0055225
37.58628208	127.0239649
37.58648072	127.0251685
37.61415619	127.053378
37.62198116	127.0376462
37.639637	127.053825
37.665498	127.07278
37.636986	127.079766
37.675739	127.09036
37.633305	127.066691
37.63102183	127.0603856
37.63398186	127.0604363
37.61555805	127.0685667
37.60862519	126.9554846
37.59568079	126.9088436
37.6193629	126.9054404
37.58615788	126.9221472
37.57889704	126.9043131
37.64094174	126.9374463
37.625476	126.929511
37.59358554	126.9501936
37.58038073	126.9333565
37.57135823	126.9583185
37.56460798	126.9290881
37.58282394	126.9375302
37.57511423	126.9266907
37.5682676	126.9057509
37.5660655	126.914043
37.5432242	126.9493873
37.5432242	126.9493873
37.5564379	126.9355119
37.5603997	126.8953108
37.545782	126.910665
37.567144	126.915047
37.578668	126.904177
37.54006841	126.8580301
37.55309857	126.8509817
37.55093526	126.8572981
37.5356447	126.845401
37.53793446	126.8584592
37.53883164	126.8575775
37.5407466	126.8457364
37.53796167	126.8369356
37.54662801	126.850842
37.5015085	126.8450726
37.507222	126.849344
37.504411	126.8562744
37.48900164	126.8808575
37.49975091	126.8838871
37.4951168	126.8392187
37.49713504	126.8876825
37.49894537	126.885538
37.49793375	126.8680255
37.504661	126.8873467
37.49228732	126.8822785
37.49300647	126.8560421
37.49070762	126.8331915
37.450003	126.914584
37.453339	126.917344
37.469766	126.906695
37.449989	126.914665
37.46264	126.907012
37.449876	126.920938
37.504529	126.915907
37.507512	126.912617
37.510105	126.901846
37.50489773	126.9138908
37.51297	126.89732
37.50812316	126.9515991
37.5136678	126.9469038
37.50885952	126.9466197
37.50421887	126.9534547
37.51046465	126.9509294
37.48226205	126.9668584
37.48933913	126.9652708
37.50807149	126.9471584
37.50140065	126.945393
37.50421887	126.9534547
37.45890879	126.9223481
37.46124501	126.9247287
37.500944	127.015404
37.4845755	127.0146164
37.479818	126.992686
37.487594	126.993427
37.463574	127.045299
37.500935	127.000541
37.484813	127.036332
37.495173	127.020608
37.50892	127.020605
37.484175	126.99659
37.497252	127.018683
37.443027	127.05598
37.478525	127.004131
37.5491	127.1562
35.10541168	129.0314366
35.11590012	129.0337129
35.0792693	129.0183075
35.12185087	129.0094624
35.10019688	129.0159539
35.11149817	129.0121756
35.08247322	129.0214986
35.11730803	129.0195093
35.14441164	129.047929
35.08769876	129.0440055
35.09404123	129.0475511
35.09745257	129.0594822
35.09637679	129.0612265
35.09427131	129.0644829
35.09029717	129.065564
35.07738466	129.0704869
35.07337335	129.0731164
35.08621827	129.0719635
35.07844759	129.0735359
35.17192	129.07458
35.16696	129.06946
35.15452	129.03897
35.15947	129.03118
35.15288	129.02016
35.17431	129.07503
35.17373	129.0739
35.17292	129.07147
35.17314	129.07227
35.2113664	129.0666441
35.20730696	129.095083
35.19923047	129.1075947
35.19771439	129.0824957
35.19481434	129.0864302
35.19393284	129.090466
35.1212349	129.09876
35.1355083	129.0838213
35.1244808	129.1147473
35.1212086	129.098685
35.1537062	129.0886946
35.1356689	129.0692632
35.24152309	129.024272
35.21481438	129.0455725
35.19286189	129.0086946
35.22800471	129.1628229
35.22155163	129.1443071
35.20490741	129.1259829
35.19356553	129.1300153
35.16081621	129.1723722
35.17800914	129.1930246
35.19316685	129.1293971
35.19152533	129.1204334
35.16448796	129.1806612
35.103377	129.000326
35.089877	128.973002
35.080892	128.977432
35.101366	128.97636
35.107394	128.976046
35.087659	129.005057
35.100269	128.993164
35.104527	129.007671
35.115375	128.962125
35.085103	128.977883
35.055316	128.964177
35.106243	128.960069
35.084013	129.009115
35.063559	128.979525
35.092352	128.99372
35.231924	129.07627
35.275761	129.084951
35.112071	128.86743
35.113236	128.84451
35.213634	128.96963
35.21046452	128.9854584
35.05771553	128.8287758
35.0299385	128.8217463
35.18075028	128.9578171
35.21153902	128.9756821
35.17031384	128.9601692
35.09795261	128.9271181
35.17704762	128.9010986
35.11042218	128.85627
35.12220815	128.8487731
35.14893328	128.8378128
35.17241588	129.0836365
35.16498752	129.0830777
35.147359	129.109892
35.170229	129.096365
35.161732	129.12753
35.18590261	129.0036991
35.15393469	128.9982397
35.15089567	129.0113455
35.1289517	128.9706135
35.131049	128.97214
35.178683	128.98942
35.15298	129.001543
35.169512	128.988515
35.186397	128.991219
35.150463	129.005959
35.150833	129.010094
35.151111	129.01261
35.189902	128.989977
35.153739	129.002123
35.3513142	129.1349567
35.2540072	129.1981729
35.38474635	129.2557858
35.25372857	129.1839821
35.2775086	129.1334739
35.34518009	129.1587837
35.29968145	129.1685402
35.25507118	129.1454209
35.27684883	129.1910257
35.34053588	129.1782152
35.34835204	129.2569094
35.22228419	129.2127846
35.31366616	129.174511
35.29640621	129.1703579
35.32550054	129.2126812
35.88543094	128.5370961
35.84802016	128.5222853
35.80901462	128.5566356
35.87981406	128.5333011
35.91092744	128.586398
35.86959212	128.5312233
35.8284595	128.5616586
35.8331048	128.5827634
35.81317796	128.6138186
35.95394791	128.6904077
35.95711156	128.7098012
35.98423968	128.6662134
35.87705725	128.6620634
35.96299212	128.7395467
35.98716184	128.6209002
35.95693539	128.6641923
35.88115054	128.7028793
35.97939082	128.6335518
35.83288212	128.5794619
35.8328794	128.5794681
35.83299576	128.5933306
35.92018713	128.5468335
35.93189752	128.5403895
35.8937407	128.5526247
35.88996733	128.6009205
35.89129405	128.6199446
35.95309653	128.5543911
35.93240129	128.5554984
35.92779392	128.5985939
35.93892115	128.5917991
35.89798005	128.5248703
35.89471223	128.5337135
35.8509686	128.6653257
35.86742432	128.618298
35.85037566	128.638669
35.84172197	128.6390848
35.87183021	128.6354799
35.87137817	128.6590337
35.84102846	128.6387719
35.81519	128.65195
35.84077	128.63698
35.85994569	128.5646316
35.83344089	128.5545509
35.82028175	128.551141
35.84455994	128.4725147
35.81646996	128.5398028
35.80794763	128.5488953
35.82433181	128.5356272
35.79652558	128.4969896
35.78050357	128.5069942
35.79878178	128.6237671
35.79844763	128.6115666
35.79165501	128.6046443
35.78792051	128.5944715
35.77013224	128.5797299
35.76531926	128.5712994
35.75738843	128.5674968
35.75176925	128.5579871
35.74255691	128.5562038
35.7340687	128.5522305
35.69474795	128.5043989
35.69755822	128.3818102
35.70106922	128.3598924
35.68461293	128.3587367
35.88243627	128.4619812
35.89161275	128.4477665
37.48169295	126.6217247
37.4809062	126.6205768
37.48148791	126.6403645
37.46428172	126.690067
37.46766777	126.6654164
37.45055604	126.6306237
37.418036	126.650715
37.431016	126.646251
37.417076	126.689234
37.420518	126.689305
37.412569	126.663125
37.402799	126.673235
37.42023	123.70785
37.404751	126.711558
37.463103	126.739759
37.452936	126.708175
37.445035	126.744181
37.421026	126.733628
37.465716	126.710765
37.42098	126.760627
37.382446	126.720506
37.436013	126.734503
37.439294	126.717683
37.57274589	126.7387171
37.57552162	126.7320146
37.58230939	126.7731905
37.50607646	126.6738533
37.50633002	126.673671
37.49921892	126.6732334
37.61877438	126.6901679
37.52035307	126.6809022
37.51777007	126.6778572
37.51775299	126.6778856
37.51608395	126.6777022
37.51466114	126.6770219
37.5292302	126.6763446
37.50118615	126.6482559
37.59449534	126.62887
37.59621219	126.670794
37.50124287	126.6482419
37.51206678	126.6768629
37.51091696	126.6767953
37.50970425	126.6767323
37.50452462	126.6783963
37.50070828	126.6761724
37.51389348	126.6638199
37.50774603	126.6683811
37.51026436	126.6636515
37.56747864	126.6765298
37.56488326	126.6206778
37.56659128	126.6830157
37.56585803	126.6805032
37.56907668	126.6837785
37.55869614	126.6562976
37.5806537	126.6624563
37.663202	126.465041
37.711656	126.453364
37.652804	126.52069
37.651645	126.520237
37.732798	126.433503
37.732344	126.435795
37.627542	126.490047
37.674808	126.414749
37.714834	126.391795
37.792323	126.413228
37.737917	126.387037
37.7215377	126.480321
37.65928119	125.7013062
37.96735122	124.7182148
37.96390005	124.6769292
37.97426122	124.7069125
37.97597025	124.6694335
37.97814051	124.6925851
37.82402698	124.6919373
37.81597395	124.7071427
37.83071318	124.7134232
37.81105073	124.6887725
37.23444052	126.133675
37.22688201	126.1478549
37.22784347	126.1440899
37.24977621	126.1148395
37.22559201	126.1127456
37.21834288	126.1167958
37.22868935	126.1426943
37.24891272	126.3163572
37.25246051	126.3071599
37.25206631	126.3252812
37.25767922	126.2943483
37.25341189	126.3044635
37.17712611	126.2538864
37.2555463	126.4982811
37.23304551	126.5372907
37.2810914	126.4619676
37.27641289	126.4537162
37.25555577	126.4832844
37.51990307	126.4344388
37.5280012	126.4614843
37.53337646	126.4572805
37.53270729	126.447955
37.53318195	126.4279087
37.53316507	126.4278867
37.53668223	126.4196038
37.53243105	126.3596418
37.53151192	126.3501325
37.54887446	126.3281008
37.92736458	124.6632741
37.94836359	124.6525052
37.9741018	124.6192498
37.22754092	126.1546352
37.2213004	126.1647096
37.80846889	124.6923632
35.115	126.935831
35.105303	126.937884
35.105303	126.937884
35.1409947	126.9219489
35.15482	126.932024
35.157345	126.938855
35.1480883	126.9355409
35.1545649	126.9342494
35.16029	126.931028
35.149239	126.944876
35.154362	126.941383
35.151843	126.924105
35.116901	126.921603
35.147303	126.936088
35.15005057	126.8559409
35.11224249	126.8447808
35.13442999	126.8719895
35.16051057	126.8558576
35.13822865	126.87988
35.13972392	126.8318986
35.15166413	126.8516453
35.15391354	126.8530143
35.15796935	126.8631375
35.08588831	126.8737851
35.10940632	126.8777102
35.0963327	126.9077744
35.12162201	126.9178804
35.16516385	126.9195688
35.18370372	126.9246377
35.21445714	126.9490691
35.17788826	126.9223719
35.18639881	126.8830843
35.1735211	126.8703921
35.15870137	126.9444001
35.16202039	126.9618335
35.15429963	126.9713393
35.16175775	126.9821863
35.14801715	126.9874284
35.17298361	126.8853207
35.16192103	126.9799872
35.16929007	126.9989141
35.21600348	126.9497488
35.16656132	126.9342725
35.19785273	126.8707384
35.20973162	126.8681714
35.19980663	126.8714411
35.20084512	126.8912258
35.20008054	126.8901194
35.17345055	126.8851429
35.17310524	126.8893314
35.22877834	126.8350145
35.120764	126.781857
35.153002	126.736984
35.16764	126.690722
35.211098	126.842908
35.220629	126.740958
35.218593	126.746318
35.14181091	126.8259042
35.20661873	126.8514315
36.312413	127.368559
36.305073	127.35327
36.301389	127.329803
36.285659	127.31206
36.278653	127.29583
36.350815	127.372192
36.343933	127.380586
36.327587	127.406273
36.317814	127.395195
36.334354	127.367289
36.332102	127.352511
36.348447	127.335235
36.335767	127.333626
36.332191	127.337069
36.366782	127.330785
36.3625092	127.3411048
36.357659	127.382895
36.352616	127.356256
36.357207	127.358346
36.406689	127.372633
36.364805	127.386518
36.370347	127.376696
36.340657	127.410973
36.313301	127.400955
36.327429	127.400657
36.325889	127.401627
36.309283	127.393301
36.306466	127.386865
36.318257	127.420006
36.443673	127.383938
36.34608876	127.493126
36.31421095	127.4562095
36.32378364	127.4645431
36.35506614	127.4702067
36.28288173	127.4813406
36.24606418	127.4765497
36.26878689	127.4518487
36.3495359	127.4751988
36.33201344	127.4547956
36.32193344	127.4622669
36.290886	127.388087
36.2744822	127.3748053
36.237548	127.285605
36.307156	127.3615
36.266688	127.331994
36.328048	127.37461
36.319209	127.37118
36.449465	127.458241
36.449465	127.458241
36.403852	127.423375
36.444323	127.434904
35.575471	129.262926
35.54577891	129.4335319
35.53800739	129.4186998
35.578215	129.37849
35.580331	129.396565
35.586684	129.408907
35.652046	129.359155
35.660608	129.368321
35.618074	129.03946
35.609833	129.03922
35.60287	129.037132
35.579942	129.022208
35.636145	129.040153
35.638166	129.048493
35.62878	129.049195
35.497973	129.11013
35.478398	129.132154
35.659069	129.073051
35.530854	129.117422
35.532037	129.130367
35.621988	129.063114
35.607149	129.231452
35.492842	129.211069
35.491208	129.229676
36.619438	127.291141
36.45720073	127.3309216
36.721091	127.183664
36.60302791	127.1674024
36.613673	127.219048
36.524513	127.374678
36.52931674	127.3949154
36.561587	127.336741
36.453601	127.307781
36.548099	127.209734
37.34182254	126.979078
37.38169984	126.9994844
37.31862201	126.9661995
37.30120483	126.9599356
37.33823925	126.9750746
37.38219564	126.9992137
37.38642199	127.0001086
37.38607242	127.0010758
37.3818773	126.716933
37.38206505	126.7399372
37.39385591	126.8403605
37.26549955	127.0159242
37.282329	127.029396
37.28620164	126.9904682
37.273533	127.009798
37.27149645	127.0119117
37.27079572	127.017583
37.28775612	127.0240851
37.27380707	127.0366129
37.28537936	126.9894619
37.26191985	126.9503976
37.26035311	126.9914269
37.25490768	127.009418
37.25132069	127.0416627
37.25441213	127.0209973
37.29077398	126.9698748
37.25872021	127.0123245
37.29490553	126.940752
37.30701	127.0518576
37.30072811	126.972757
37.30357589	127.0060627
37.32383738	126.9869644
37.29254984	127.033044
37.31629709	126.9822558
37.30595925	127.0150283
37.28433509	127.0220346
37.46821505	127.1646983
37.4265286	127.1166259
37.42735127	127.0721473
37.4428293	127.1792457
37.42398472	127.1818649
37.43386063	127.1304586
37.4327843	127.1213202
37.42224895	127.1690625
37.42114517	127.1585273
37.42212261	127.1582857
37.42732197	127.1369729
37.42733258	127.127826
37.433065	127.180213
37.440791	127.12011
37.431104	127.082902
37.437066	127.077277
37.421994	127.117074
37.422069	127.117088
37.389774	127.066424
37.390648	127.085551
37.351057	127.087681
37.373566	127.145646
37.391081	127.062857
37.43195	127.17904
37.43343	127.13529
37.44343933	127.1583644
37.7365528	127.0075327
37.39648675	126.9296728
37.39768076	126.9319298
37.41402192	126.9194112
37.42434729	126.90494
37.38325767	126.9364441
37.38498869	126.9725883
37.3972669	126.9369477
37.37350574	126.9575418
37.38629502	126.9507495
37.37225944	126.9633642
37.40475326	126.9042766
37.51672953	126.7805425
37.47638846	126.7826324
37.491454	126.810129
37.479068	126.77312
37.478865	126.774936
37.524043	126.804919
37.503674	126.771201
37.50486	126.761833
37.497293	126.777721
37.482122	126.805855
37.484647	126.764007
37.526088	126.782636
37.520413	126.760997
37.472783	126.81526
37.513467	126.823493
37.50577	126.752084
37.50483	126.79368
37.490528	126.754165
37.474343	126.805528
37.482302	126.791694
37.536459	126.812834
37.41534834	126.8746475
37.44320349	126.8558699
37.4709065	126.8663839
37.002617	127.059119
37.081286	127.054879
37.070618	127.056592
37.085974	127.057142
37.086758	127.047115
37.084277	127.045426
37.118886	127.065705
37.076745	127.057021
36.993918	127.067296
37.113167	127.063979
37.097963	127.095098
36.989835	127.115799
36.993999	127.082749
36.981459	127.093106
37.002872	127.074211
36.998033	127.080057
37.082346	127.055169
37.049754	127.059897
37.052383	127.057925
37.103593	127.062183
37.066399	127.055057
37.086086	127.056978
36.988952	127.092712
37.020425	127.071006
37.034971	127.069522
37.074573	127.055211
37.123128	127.064946
37.079118	127.054446
37.092319	127.058378
37.072459	127.055109
36.992896	126.938335
37.079134	127.057695
37.073688	127.057799
37.073749	127.057998
37.073532	127.057369
37.079135	127.056204
37.080249	127.056262
37.079005	127.056259
37.074928	127.047283
37.074951	127.047337
37.076669	127.049459
37.077139	127.049562
37.077783	127.049926
37.087476	127.047504
37.086469	127.046971
37.086358	127.047702
37.084389	127.047954
37.081755	127.050556
37.112761	127.107368
37.119377	127.074322
37.118952	127.065428
36.985029	127.108099
36.976769	127.116012
36.98587032	127.1161579
36.99593862	127.0599237
37.02436901	127.0698021
37.02684106	127.07109
37.02439763	127.0662809
37.02436384	127.074674
37.02538768	127.1144425
37.02737774	127.118652
37.10484988	127.050469
37.1151203	127.0519715
36.97610981	127.0361215
36.94038304	126.9338987
37.06072459	127.0557514
37.880348	127.138619
37.89023352	127.1059158
37.89045995	127.1327458
37.2985337	126.9122312
37.34388	126.795599
37.349497	126.809131
37.345419	126.829033
37.3040873	126.8701515
37.347547	126.845842
37.299863	126.827212
37.298164	126.889113
37.3050697	126.8558023
37.316676	126.834636
37.318408	126.812187
37.301752	126.86131
37.32753	126.790318
37.334733	126.776046
37.332673	126.789824
37.303707	126.807222
37.290285	126.875338
37.299048	126.802139
37.332591	126.754863
37.326295	126.78567
37.340326	126.792014
37.30312	126.833624
37.342844	126.843989
37.65521668	126.8976467
37.67385215	126.8525213
37.67417843	126.8644155
37.71814243	126.9230872
37.7232346	126.8954058
37.74722768	126.9123452
37.68325448	126.960998
37.64299646	126.7538408
37.6463338	126.7464685
37.65002683	126.8989165
37.67796917	126.8811208
37.65047722	126.8408556
37.63993314	126.7581839
37.66554234	126.7192127
37.60403655	127.1487
37.610185	127.1271259
37.55861233	127.113916
37.59344306	127.1602044
37.64625358	127.1406248
37.58177113	127.161188
37.64075021	127.1299509
37.64218947	127.1299325
37.61241428	127.2749139
37.6169445	127.2732196
37.61996705	127.1679031
37.67302578	127.2018433
37.77250683	127.2826532
37.75002451	127.272652
37.67759963	127.092928
37.65493561	127.2585002
37.60404316	127.149033
37.134546	127.061901
37.176299	127.040753
37.176953	127.020291
37.161396	127.027608
37.134437	127.042062
37.440859	126.775138
37.35509	126.715527
37.373979	126.739252
37.350373	126.707923
37.458919	126.785259
37.450707	126.791928
37.456427	126.7854009
37.4195506	126.7872904
37.3768206	126.8101414
37.4520476	126.8150627
37.377058	126.788734
37.3904944	126.804287
37.4524487	126.8200428
37.411494	126.765424
37.443244	126.773798
37.405393	126.834309
37.383256	126.867063
37.459001	126.802199
37.449546	126.810243
37.435873	126.806777
37.397231	126.796281
37.381686	126.772657
37.380857	126.741236
37.382351	126.864417
37.393926	126.867163
37.366217	126.739576
37.374579	126.812358
37.39751672	126.7497068
37.3961621	126.7423996
37.40369589	126.7960937
37.43293443	126.8072552
37.4485478	126.8120213
37.45638546	126.804172
37.39868055	126.7945823
37.41473743	126.7581116
37.40681675	126.7754516
37.40541337	126.7937606
37.40541305	126.7937606
37.40541305	126.793761
37.40518742	126.7858323
37.3779389	126.7240336
37.45921862	126.8025201
37.37230197	126.9276095
37.34751991	126.9387516
37.34278341	126.8955144
37.378479	126.983386
37.3905003	127.0101986
37.3941715	127.0167233
37.351803	126.98197
37.381482	126.975247
37.335524	126.963227
37.306237	126.958064
37.394511	127.030457
37.372444	126.965111
37.326436	126.94995
37.3456534	126.9776144
37.40233245	126.9913601
37.38229943	127.0101069
37.48201364	127.239855
37.52115267	127.1854117
37.34748147	127.0576067
37.3269159	127.1287554
37.32522025	127.1212257
37.32624998	127.1100906
37.3220666	127.1229101
37.32469084	127.1105478
37.32421615	127.1089058
37.32537506	127.1039388
37.33091543	127.1026644
37.32470248	127.1117666
37.3344723	127.0869058
37.34250766	127.0598885
37.31730772	127.0568764
37.31566401	127.0647735
37.33844249	127.1038832
37.29651087	127.0643117
37.16571592	127.2403915
37.18265062	127.233703
37.12371303	127.212256
37.09651601	127.1786237
37.21558971	127.3211621
37.16471042	127.3101949
37.15401387	127.3395885
37.13787157	127.3072469
37.15487884	127.2767881
37.26199786	127.2537978
37.26486255	127.2131865
37.25541274	127.212515
37.25847188	127.1926363
37.2670128	127.1932972
37.18714691	127.2742922
37.24945469	127.1591684
37.21694805	127.207434
37.22364712	127.219221
37.2671061	127.0770939
37.29195451	127.1099872
37.23986976	127.1059882
37.24918481	127.0829542
37.24073187	127.1015092
37.22555506	127.0771398
37.25432424	127.1352042
37.30553411	127.1061422
37.29423868	127.1005179
37.29521392	127.0881589
37.29143683	127.1211418
37.292855	127.0984574
37.2320741	127.1479971
37.22338751	127.0901345
37.27816751	127.0910821
37.3141533	127.1106334
37.2553071	127.1439978
37.74483258	126.7988646
37.84687491	126.7845731
37.76065215	126.7619337
37.94827061	126.9035321
37.85007193	126.9039392
37.84998601	126.9212049
37.74509857	126.7857121
37.98543745	126.9193948
37.93842873	126.9429255
37.94450212	126.9434093
37.83323867	126.8573798
37.92332761	126.9517506
37.93323298	126.9437264
37.94148917	126.9443079
37.85193522	126.9332394
37.92484056	126.9498829
37.93547874	126.9427219
37.9302056	126.945384
37.82969632	126.853442
37.93022239	126.9453905
37.28752807	127.4746565
37.26775092	127.4587039
37.21850285	127.4045319
37.29738401	127.4602411
37.1143249	127.6257512
37.28997512	127.4268464
37.0978225	127.3407905
37.0425784	127.4179312
37.06102	127.17528
36.9462923	127.3154783
36.9616154	127.3734207
37.1476327	127.4379595
37.00365084	127.2395643
37.632724	126.6288
37.63137	126.570647
37.637454	126.579964
37.726606	126.543399
37.697226	126.554418
37.728244	126.571659
37.622308	126.697701
37.616269	126.717195
37.60659	126.7224
37.649157	126.697577
37.667668	126.662962
37.625	126.7232
37.24353275	126.9324682
37.02929927	126.8568551
37.21726334	126.9697552
37.21609224	127.119037
37.20493827	127.1285369
37.06658197	126.8405318
37.07070394	126.8503765
37.06086142	126.8540472
37.05358747	126.8145164
37.21726945	126.9697575
37.06646478	126.8410826
37.07230913	126.8546304
37.07031134	126.8497427
37.05792853	126.8173692
37.20791837	127.0271287
37.2312773	127.0417286
37.23317952	127.1151634
37.20606097	127.1275513
37.359929	127.151232
37.480013	127.361879
37.3912825	127.41446
37.445108	127.313768
37.40568457	127.2616567
37.39390971	127.24939
37.41330306	127.2672898
37.41984654	127.2799311
37.41458801	127.1973734
37.7726999	126.9585357
37.8393876	127.1080677
37.83778566	127.0698637
37.88862446	127.0238283
37.81267198	126.9312209
37.76490692	127.0441557
37.81914713	127.0735544
37.8611118	127.1026425
37.83015062	127.092034
37.82259968	127.0917204
37.77335457	127.1154243
37.84494259	127.1158195
37.87547457	127.1404772
37.8591722	127.2630463
37.9109142	127.188072
37.95621803	127.1604292
38.06112882	127.2202576
38.14354511	127.2268014
38.1314642	127.2520285
38.06125423	127.3258686
38.03232484	127.327177
38.08324437	127.425113
37.92330435	127.3378557
37.81356792	127.1950363
37.98226317	127.0982102
38.07873688	127.2545113
38.0547565	127.3587327
38.0972284	127.434956
37.305055	127.740191
37.28299438	127.6713012
37.40311929	127.5454946
37.39865097	127.7076162
37.39316817	127.4210544
37.40600357	127.4736222
37.29561998	127.6473826
37.19844178	127.7283431
37.37886925	127.4529241
37.35420071	127.7155812
37.2642095	127.7174147
37.2355923	127.5514946
37.19248193	127.6722837
37.20236156	127.715869
37.16342584	127.6333654
37.32948803	127.5398183
37.17240278	127.6574449
37.1957752	127.6958773
37.3478528	127.5687488
37.33730833	127.5327152
38.10368904	127.0647798
38.07537025	127.0894688
38.02671705	126.9789851
38.00411874	127.0644676
37.93809314	127.002787
38.01526908	127.1000601
37.98540217	127.0713351
38.03426794	127.0280566
38.05598793	127.0297203
38.02787828	126.9897191
38.0370734	126.9742258
38.13661937	127.099821
38.13564382	127.110354
38.19204569	127.0945195
38.16788135	127.1043352
38.00791166	127.0165546
37.78106909	127.5086004
37.8635642	127.5201961
37.66558923	127.5404163
37.69644004	127.5398401
37.710408	127.4005699
37.7749426	127.2832529
37.78058069	127.3703229
37.986123	127.526876
37.89654766	127.560475
37.982914	127.443387
37.63890709	127.5135436
37.52118936	127.5997307
37.57082253	127.5209368
37.57992	127.45803
37.656375	128.160855
37.667297	128.17215
37.902982	127.805464
37.90615	127.813499
37.900303	127.817556
37.886175	127.818854
37.877333	127.823306
37.871854	127.836824
37.851504	127.863812
37.746485	128.307337
38.18307012	127.5280874
38.19996738	127.5197244
38.21266646	127.5164409
38.21852295	127.5100981
37.662474	127.655597
37.664142	127.554424
37.664915	128.050605
37.819908	128.216104
37.820534	128.20383
37.818778	128.176246
37.803423	128.003708
37.808943	128.012843
37.474149	128.255092
37.68533976	128.6609058
37.98263175	128.5279934
38.22115354	128.4021963
37.62086037	128.7728442
37.8813797	128.2525886
37.311832	128.884055
37.321812	128.891371
37.336619	128.896585
37.36592	128.913319
37.384713	129.012089
37.403633	129.045813
37.405266	129.056698
37.147105	128.893693
37.148377	128.900097
37.176176	128.896794
37.357152	128.828273
37.223354	129.164432
38.07944239	127.4825837
38.08149769	127.4664597
37.523632	128.035763
37.95762412	127.6797707
37.97996272	127.6773054
37.675094	127.607273
37.22369	128.390809
37.834149	128.098619
37.888102	128.096255
37.534719	128.394452
37.557312	128.396474
37.476471	128.385787
37.683172	128.392604
37.701483	128.399991
37.87964095	128.5144888
37.84932026	128.6301919
37.176205	128.370403
37.307072	128.191196
37.278367	128.295217
37.251391	128.110428
37.209687	128.042012
37.383175	127.891379
37.730891	127.600074
37.775888	127.714199
37.790097	127.716015
37.585097	128.325699
37.330779	128.342609
37.672005	127.605167
37.719596	128.135313
37.757245	127.983136
37.500129	128.236897
37.510924	128.227426
37.479784	128.043628
37.68665458	128.7596047
37.98288362	128.5278005
38.2210861	128.4018547
37.60966493	128.7737039
37.88142834	128.2538986
38.19400068	127.5231555
37.9576901	127.6797195
37.97994779	127.6772211
37.465929	128.623321
37.479951	128.606829
37.339756	128.712409
37.287089	128.735173
37.516253	128.714961
37.2274	128.726238
37.223788	128.721269
37.254605	128.779905
37.285759	128.799029
37.23696	128.860671
37.254499	128.863345
37.102122	128.693749
37.090566	128.714996
37.115121	128.645605
37.105941	129.152486
37.100161	129.150188
37.090046	129.145282
37.169412	129.145104
38.24040428	127.4696735
37.78798	127.684916
37.781626	127.678893
37.764754	127.642181
37.759148	127.645389
37.746423	127.645134
37.740562	127.6659946
37.959256	127.779536
37.974961	127.787208
37.911125	127.980048
37.920771	127.941283
37.96757	127.581239
37.761452	127.561364
37.995139	127.81847
37.979456	127.866592
37.866798	127.738177
37.882161	127.754492
37.866043	127.738864
37.880529	127.727821
37.880381	127.729714
37.87173	127.752641
37.233803	127.848912
37.276382	127.771636
37.366177	127.840515
37.414661	127.91442
37.341761	127.854916
37.401969	127.960285
37.378413	127.994793
37.433386	128.005146
37.375364	127.9484
37.363684	127.800286
37.39582	127.919658
37.342701	127.835656
37.387574	127.940767
37.332362	127.832844
37.31175	127.90557
37.296584	127.894897
37.295555	127.884826
37.259298	127.870726
37.237236	127.831606
37.22055	127.808686
37.223889	127.895614
37.229708	127.897653
37.240448	127.898263
37.245863	127.857834
37.370432	127.854318
37.442773	127.989959
37.233803	127.848912
37.276382	127.771636
37.366177	127.840515
37.756968	128.886707
37.751549	128.886166
37.74832	128.887273
37.744347	128.89129
37.7475295	128.9086297
37.783714	128.915504
37.7735303	128.8975714
37.773619	128.899725
37.7364873	128.9088961
37.793622	128.861464
37.746595	128.875149
37.745852	128.863264
37.206326	128.940981
37.202317	128.925456
37.202916	128.944938
37.146531	129.009884
37.174852	128.996614
37.144167	128.995224
37.095245	129.015288
37.21735	128.986407
37.261514	128.992709
37.123094	128.899372
37.166533	128.989479
37.097008	129.016383
37.100021	129.008375
37.108544	129.004756
37.117096	129.038209
37.120428	129.045013
37.126448	129.03792
37.181643	128.968261
37.153029	128.988118
37.168225	128.990507
37.442832	129.121972
37.457076	129.165012
37.452293	129.186636
37.438053	129.12047
37.688896	127.876582
37.739018	127.831336
37.720567	127.753783
37.718407	127.735827
37.33516587	128.0663134
37.33479498	128.0650151
37.37715358	128.1735903
37.53306359	128.2343534
37.56635973	128.0676164
37.46224739	128.0474964
37.49998123	128.0080082
37.50627691	128.0156245
37.21354209	128.4897722
37.12894254	128.5767444
37.15260659	128.8748502
37.6151149	128.7246487
37.5729314	128.4945495
37.50510619	128.436418
37.50556011	128.4064025
37.499806	128.58514
37.226904	128.621377
37.227984	128.613315
37.254391	128.821525
37.285555	128.755198
37.304993	128.767589
37.20934536	128.6817301
37.208563	128.70267
37.290574	128.629222
37.250257	128.585434
37.39432675	128.8491308
37.442332	128.664805
37.201431	128.882208
37.20644158	128.9057341
37.193919	128.861228
37.190076	128.874689
37.202204	128.850363
37.215087	128.833102
37.500686	128.912835
38.14037497	127.3267258
38.24594121	127.1662993
38.28437358	127.3639717
38.105477	128.005462
38.13588	128.0103
38.134386	128.030972
38.101813	127.572279
38.083068	128.029618
38.145923	128.061398
38.217436	128.418054
38.00448	128.223933
38.068335	128.283996
38.03365	128.347452
38.007588	128.343927
38.070304	128.377618
38.004971	128.389192
38.045784	128.162126
37.94282084	128.3967029
38.01407081	128.1475319
38.338298	128.45437
38.329253	128.46107
38.504489	128.413566
38.214322	128.437941
38.09708584	128.5850017
38.15477044	128.5899633
38.07020458	128.6522703
36.75374	127.729331
36.605466	127.622178
36.624647	127.642829
36.678566	127.861424
36.677023	127.370868
36.687529	127.365114
36.718225	127.607151
36.70363	127.609252
36.505434	127.519178
36.488016	127.514128
36.497209	127.516201
36.486705	127.522668
36.46974983	127.5422304
36.747035	127.649293
36.73652022	127.9036947
36.71185058	127.911631
36.705158	127.915739
36.939823	127.418434
36.950509	127.399133
36.959981	127.389193
36.992404	127.609348
36.870687	127.567388
36.888919	127.579747
36.888985	127.608531
36.921021	127.653565
36.92132592	127.6535466
36.958173	127.678083
36.974466	127.674549
36.888916	127.579869
37.054748	127.681361
37.122642	127.7437
36.836064	128.05264
36.827878	128.07093
36.848599	127.9784
37.139035	127.9103845
37.092375	128.320809
37.094477	128.378901
37.07071645	128.4859719
36.85585806	128.3790634
37.07271115	128.5728199
36.68073113	127.8284029
36.821001	127.9511694
36.92972184	127.3274082
36.85427772	127.9634356
37.14579387	127.8833579
37.07711025	127.7543851
36.84033289	128.0318017
36.85256599	127.9829533
36.89888026	127.8604178
37.01835704	127.7711537
37.04612305	127.9729273
37.15677015	127.9116263
36.94646633	127.8052623
36.84875361	128.0918236
37.20357288	128.0031056
37.19363663	128.2410206
37.21229643	128.2404235
36.8845343	128.0788871
36.86895199	128.087716
37.193271	127.9982901
37.20879176	128.022153
37.04673184	128.3258066
37.06908967	128.4409716
37.0592039	128.4940214
36.82956336	128.3686572
37.06744278	128.5904482
37.09340854	128.3687142
37.04662203	128.3263841
37.05702492	128.3296413
37.01628442	128.2641477
37.01629812	128.2488961
37.05922835	128.4940167
37.07071011	128.4722113
36.80721481	128.3629975
36.82500479	128.366306
36.84177864	128.3729242
37.07133658	128.5558828
36.43010319	127.5389868
36.56003851	127.69967
36.46750257	127.5558924
36.53808854	127.6150744
36.59588712	127.7255469
36.55892799	127.7402746
36.46844325	127.5945522
36.73583329	127.6585523
36.77610164	127.8883661
36.4444319	127.6496551
36.69251117	127.8910911
36.33513239	127.7599716
36.4090957	127.6243881
36.68242814	127.8826039
36.70602632	127.8430967
36.32625454	127.6850522
36.06823681	127.9461678
36.06831	127.9459357
36.26338455	127.914193
36.13192267	127.6058132
36.06431904	127.7357546
36.23980573	127.8720999
36.06407157	127.8273996
36.05739748	127.7356706
36.30043888	127.8184952
36.07337999	127.8372436
36.17216909	127.6309666
36.17232358	127.6310465
36.08830753	127.6483848
36.23619405	127.758006
36.30681104	127.7611418
36.19972543	127.7174336
36.05021919	127.7537641
36.15815983	127.9582908
36.25919897	127.7131995
36.49282764	127.6505691
36.29471452	127.6046191
36.48257685	127.8237305
36.39713987	127.68306
36.39265627	127.6720169
36.67411623	127.4826769
36.66755479	127.4653662
36.69562149	127.4751695
36.64717894	127.4826044
36.88947247	127.9479547
36.90126903	127.9504072
37.01279641	127.7018984
37.03340452	127.7038931
37.03574991	127.8448674
37.05058142	127.8418138
37.002271	128.0623149
37.00763365	128.0505608
37.00961958	128.0360879
37.01534597	128.0303561
37.02500335	128.025775
37.09283533	127.8020233
37.10078404	127.8157508
37.07380126	127.9869307
37.07235649	128.005939
37.0706754	128.0216251
37.0680801	128.0377849
36.82446926	128.0060971
36.96118507	127.8898922
36.96029756	127.898999
37.00619751	127.9168213
37.01760039	127.9205797
36.94064268	127.9198303
36.9693981	127.9468496
36.97612291	127.9675363
36.97718323	127.940147
36.96407258	127.928816
36.97067918	127.9176086
36.96010833	127.926917
36.96981859	127.9412519
37.01005706	127.9834276
37.00266982	127.9887202
36.9934992	127.9956421
36.97958245	127.9973197
36.95714129	127.9440653
36.96485444	127.9388474
36.96928524	127.9303385
36.95791166	127.9446151
36.95448024	127.9395035
36.98278928	127.9091509
36.96188585	127.8812825
37.01819692	127.9421885
36.89866611	127.9209103
36.89997284	127.9219609
36.89824274	127.9251989
36.89448047	127.9320794
36.81997664	128.0193857
37.10182974	127.8487947
37.09779927	127.8582607
36.19256088	127.6310425
36.19193532	127.6513628
36.25978925	127.6240546
36.38829737	127.6046025
36.37279116	127.8064956
36.3577275	127.586658
36.36926978	127.5887763
36.4060243	127.6578341
36.33341294	127.7885156
36.34766357	127.5789304
36.25599092	127.5925666
36.35442416	127.8752668
36.39124452	127.5447422
36.38011012	127.6043051
36.38477389	127.7503831
36.36448015	127.5258634
36.36384355	127.7056283
36.212928	127.799796
36.17040759	127.916241
36.19603246	127.8858873
36.18570215	127.9014965
36.23967428	128.0121463
36.25423618	128.0064498
36.1266975	127.7365093
36.05461285	127.6597439
36.71574767	127.6378032
36.780251	127.465797
36.826301	127.488533
36.772567	127.517269
36.825927	127.444608
36.791856	127.416072
36.800544	127.7251
36.657622	127.75496
37.04272595	127.4750105
36.9848736	127.5897282
36.96294261	127.6616372
36.849527	128.320856
36.865443	128.327747
36.974648	128.286911
36.981796	128.287559
36.8350938	128.3136945
36.62505051	127.0287801
36.57909474	126.9876022
36.11569143	127.3843244
36.10955573	127.3732423
36.8833079	127.2718401
36.87454609	127.2698952
36.875171	127.270772
36.625086	127.028668
36.57932	126.985219
36.448902	127.087576
36.67518479	126.8640697
36.59060836	126.9153525
36.67046908	126.6408051
36.59766942	126.5047888
36.3369566	126.6257785
36.69595317	126.2871398
36.60623356	126.3186877
36.751689	127.189788
36.825083	127.187974
36.66234	127.020829
36.47646918	126.9125297
36.33987301	127.2497057
36.40744951	126.5957834
36.23693377	126.6419931
36.19336652	126.6506482
36.7411697	127.0519153
36.76398264	126.4942719
36.80375502	126.5515909
36.84236527	126.3733693
36.86866369	126.4280256
36.91618019	126.4524716
36.77904019	126.3965549
36.69447194	126.3925316
36.82813549	126.3281717
36.7196308	126.5401605
36.6504676	126.5455876
36.787743	126.445937
36.77289136	126.4408131
36.87172397	126.4076018
36.78879816	126.4238557
36.78604661	126.4519988
36.786746	126.432789
36.31414734	127.1147619
36.10720266	127.1298945
36.13239412	127.1787438
36.15590441	127.2603551
36.16130266	127.3137711
36.19325559	127.3123724
36.21254647	127.2259353
36.084126	127.445146
36.178753	127.539747
36.22793884	126.744002
36.276005	126.889803
36.2224851	126.7591003
36.43780556	126.85775
36.42402778	126.9090278
36.501252	126.608144
36.67274717	126.8516951
36.62844216	126.8137502
36.63275914	126.7940337
36.59221804	126.90529
36.66589269	126.5913179
36.67087847	126.6077327
36.59465809	126.3538237
36.8165233	126.1602456
36.5166332	126.3309579
36.7310822	126.307419
36.5438354	126.3308622
36.04818	126.847545
36.05016847	126.8785145
35.387556	127.46061
35.38681884	127.4785336
35.383325	127.4836183
35.38715606	127.497717
35.38335546	127.5051011
35.3700996	127.5078927
35.35656959	127.5241077
35.3478667	127.5356132
35.64474665	127.0966651
35.856454	127.290504
35.865073	127.292227
35.866734	127.296089
35.871482	127.301156
35.9369479	127.3443397
35.744664	127.161265
35.727617	127.149228
35.720456	127.146632
35.92064767	127.8358553
35.8765865	127.5983342
35.99474406	127.6902216
35.96840774	127.7107967
35.61385841	127.2651704
35.454478	127.233341
35.460921	127.227254
35.691338	126.642239
35.687527	126.641989
35.44857935	127.6059353
35.45110579	127.6036126
35.47774194	127.6012071
35.48988085	127.6159876
35.42250886	126.7408246
35.42095782	126.7404761
35.35093091	126.6465201
35.49257203	126.6183869
36.00531357	126.8193759
36.0035248	126.8677445
35.93742748	126.7573266
35.92300886	126.6860519
35.36679931	127.5122543
35.3643766	127.5107203
35.36369628	127.5215014
35.3556566	127.529104
35.808424	127.134803
35.795976	127.132304
35.79056736	127.0687061
35.79699145	127.1892683
35.81375084	127.0997921
35.81241982	127.1304149
35.7994758	127.1290463
35.76302767	127.0646885
35.83474683	127.136602
35.83725182	127.1564633
35.83669863	127.1452843
35.81903902	127.1815278
35.80224292	127.0987154
35.81833119	127.0926572
35.82518709	127.1227054
35.81204092	127.1230973
35.82403947	127.1297084
35.82310093	127.1573962
35.87126563	127.0976618
35.95627752	126.7066337
35.97938397	126.7503428
35.98388004	126.6867255
35.96980335	126.7061138
35.98857132	126.7915545
35.98153082	126.8052474
36.0206879	126.7661096
35.9263888	126.6470542
35.9995085	126.8365509
36.07110189	126.9135085
36.03684989	126.8771816
36.02077489	127.0523205
36.0447662	126.8727681
35.590553	127.009654
35.53726	126.933526
35.491334	126.931318
35.538177	126.911076
35.48822309	126.7843517
35.857948	126.840621
35.856958	126.849986
35.851187	126.850745
35.857219	126.808416
35.76747156	126.8107716
35.789739	126.813167
35.757716	126.778394
35.77158	126.823461
35.789876	126.84797
35.761168	126.792217
35.856783	126.923023
35.823433	126.878457
35.863057	126.892115
35.83535	126.907846
35.839734	126.860693
35.852726	126.954914
35.845682	126.944264
35.846317	126.959818
35.815016	126.983186
35.895579	126.964585
35.885272	126.974821
35.911368	126.932707
35.901618	126.92865
35.889441	126.967356
35.878348	126.950836
35.756298	126.853198
35.716667	126.818825
35.90386	126.85744
35.818535	126.807378
35.862565	126.756757
35.856665	126.808885
35.834048	126.795654
35.85256	126.76259
35.79135	127.641
35.77184	127.0788
35.77726	127.01427
35.77759	127.0593
35.78506	127.2306
35.74497	126.92107
35.80292	126.9609
35.7967	126.95103
35.77141	126.96634
35.78653	126.94577
35.79239	126.9811
35.75244	127.5643
35.72204	127.3728
35.72101	127.2463
35.80731	126.87346
35.83135	126.89834
35.79106	126.9013
35.79867	126.89659
35.79567	126.89916
35.81183	126.91994
35.803	126.91434
35.81452	126.94601
35.815	126.89834
35.79975	126.90681
35.79994	126.88777
35.79878	126.8826
35.79508	126.84777
35.79649	126.86518
35.78265	126.87394
35.76632726	126.8112702
36.072471	127.14161
35.9033	127.24202
36.02698	127.12776
35.90286	127.07245
36.07785	127.14152
35.8401	127.28353
36.06961	127.18611
35.74441046	127.3974155
35.77642289	127.4185677
35.84786427	127.3391326
35.98682639	127.387688
35.70669206	127.3225937
35.96851545	127.5268237
35.9537705	127.4476089
35.74574972	127.4161177
35.7259622	127.4095589
36.01163018	127.6542674
35.98049264	127.6141363
35.99538788	127.5696185
35.92964748	127.7518844
35.99542576	127.849856
35.90673094	127.7614394
35.87794331	127.8226584
35.92440425	127.7004284
35.86961134	127.6647192
35.87092824	127.6454433
35.86375392	127.6101802
35.97225267	127.5416339
35.99367132	127.5795149
35.98840445	127.5490186
35.90463396	127.5876614
35.647228	127.616092
35.479597	127.017246
35.470926	127.031426
35.473307	127.040239
35.43046333	127.0594665
35.42024642	127.0742866
35.4389791	126.5344928
35.49180119	126.6189044
35.38706473	126.5313581
35.38011654	126.709818
35.52660325	126.6319459
35.42069908	126.7408168
35.35064044	126.646462
35.49265438	126.618282
35.603409	126.469554
35.197917	127.285445
35.209698	127.28059
35.215656	127.28645
35.306266	127.510403
34.99127184	127.5836274
35.08643045	126.641023
34.99553856	126.4853052
34.88192086	126.4631839
34.94016754	126.4093322
34.83549545	126.4646374
34.792066	127.083419
34.782077	127.093827
34.79034	127.159568
34.684336	127.066001
34.698386	127.064016
34.882689	127.238308
34.880158	127.254885
34.74140843	127.0217119
34.904024	127.100445
34.741693	127.154958
34.67232545	127.0919247
34.437421	126.647185
34.448736	126.658518
34.470109	126.664029
34.480647	126.650424
34.497181	126.638829
34.303125	126.527149
34.660654	126.780192
34.672298	126.786339
34.739372	126.743288
34.731494	126.808338
34.736736	126.797671
34.768707	126.765087
35.20613592	127.1290384
35.050786	126.202706
35.106548	126.111715
34.87116796	126.0471912
34.852378	126.069662
34.89866644	126.0384186
34.915856	126.076
34.564456	126.716969
34.492005	126.69954
34.461622	126.815109
34.570941	126.882562
35.10238096	127.6925432
35.15940032	127.6474695
35.00230751	127.7755992
35.00935094	127.768625
34.97572757	127.6670664
35.313905	126.608197
35.230127	126.420102
35.282327	126.439607
35.352596	126.448551
35.383189	126.415205
35.362398	126.443998
35.362295	126.406847
35.310281	126.382817
34.76423874	127.678873
34.768925	127.696353
34.786804	127.702592
34.790453	127.710856
34.757938	127.716818
34.753647	127.734014
34.74942	127.709901
34.748635	127.700431
34.749806	127.678838
35.02961934	127.3058069
35.02189252	127.4082022
34.90635073	127.2840787
34.91864591	127.3800001
34.95212722	127.3601963
35.04145599	127.3711866
35.08382774	127.4758676
34.94700054	127.4647398
34.97271827	127.4781201
35.04785008	127.7393825
35.10154461	127.5981318
35.00374404	127.7627474
35.26665743	127.3265718
35.12720658	127.2975018
35.28468371	127.2111952
35.23002244	127.1628243
35.29230943	127.3660266
35.197917	127.285445
35.32274134	127.2217357
35.20396343	127.129918
34.66146215	127.2545252
34.75765306	127.0564473
34.84328374	127.2394354
34.84678843	127.225288
34.88391061	127.2942826
34.79959879	127.0875634
34.72418489	127.0912563
34.92719676	126.927125
34.88104049	126.986439
34.8337153	126.9368848
34.92807301	127.0277529
34.92489556	127.0305632
34.90089444	127.0638637
34.88471225	127.0519092
34.94021183	126.8965613
34.92917998	126.9174131
34.92395424	126.8911807
34.92150187	126.8976696
34.95073433	126.9690538
34.87681388	126.9615663
34.9109868	127.0478326
34.87516062	127.052027
34.87935412	126.8375622
34.570511	126.614625
34.599285	126.564884
34.66548904	126.3203387
34.9103765	126.506376
34.9588205	126.5099006
35.06817005	126.5119795
35.12845299	126.4513918
35.460024	126.802376
35.465446	126.797411
34.31113907	126.7544968
34.31210053	126.7601604
34.3161391	126.7512176
34.36893845	126.7236542
34.39263993	126.700581
34.464682	126.311853
34.462931	126.326227
34.410266	126.333755
34.998045	126.107778
34.98766027	126.1453311
35.07841564	126.1055337
35.07517812	126.068958
34.87762659	126.0769995
34.69005826	125.9824578
34.6937178	125.4286674
34.69229963	125.4166786
34.6860092	125.409598
34.6791315	125.4073698
34.67022225	125.3985637
34.66026204	125.3964733
34.65222525	125.3974356
34.68332847	125.4430886
34.67141297	125.4372256
34.67095826	125.436591
34.66271855	125.4249183
34.65938469	125.4196346
34.64879328	125.4201306
34.75209341	126.1209318
34.75339861	126.0863672
34.79379453	126.1713511
34.78419743	126.1429867
34.78243017	126.1430704
34.79194753	126.1491513
34.7835539	126.1442813
34.77858208	126.1502059
34.76906218	126.1610374
35.866661	128.977834
36.444448	128.488436
36.311005	128.803458
36.188758	129.197631
35.80276	128.381757
35.922104	129.126346
35.867588	128.97414
35.994403	128.832382
36.061639	128.740868
35.851246	128.991477
35.964696	128.790886
36.786566	129.334452
36.778665	128.130935
36.062294	128.289794
35.936011	127.903577
35.897864	127.986825
35.978974	128.13763
35.98462	129.100913
35.906302	128.34174
36.366392	128.001393
37.031314	128.809516
36.830611	128.514216
36.75348	129.323695
36.4494241	128.4969116
36.3273538	128.7018774
36.245247	128.681861
36.360802	128.663695
36.285447	128.868212
36.431902	128.518368
36.3672297	128.726221
36.370129	128.760002
36.507609	128.482566
36.3055117	128.5844205
36.224367	129.208214
36.201062	129.289123
36.204195	129.27151
36.218544	129.25487
36.254862	129.212418
36.221888	129.193603
36.255136	129.212326
35.874045	127.941281
35.960807	128.768189
36.24716	128.093073
35.929955	128.789999
36.149338	128.025004
35.774727	128.777294
35.771484	128.766827
36.798537	128.377626
35.78502012	129.3301431
35.78127059	129.3476975
35.77326093	129.3538744
35.78693642	129.3243823
35.82153031	129.2174285
35.86081563	129.2712608
35.88564796	129.2224369
35.67468412	129.4146965
35.75863342	129.0704569
35.72669141	129.0613905
35.9878612	129.2174687
35.67030097	129.4229941
35.66855065	129.3996802
35.83752096	129.0312483
35.94400913	129.1361092
35.85820997	129.0312883
35.73962132	129.0373594
35.86896071	129.0548715
35.83149803	129.3004068
35.934764	129.1086
36.15156	128.024993
36.149338	128.025004
35.851246	128.991477
36.53939488	128.715278
36.56643098	128.9682241
36.60300662	128.7004462
36.58687489	128.63092
36.54209374	128.6399199
36.61710046	128.5583449
36.56128946	128.6340486
36.61970749	128.7200021
36.61243967	128.7360633
36.64816222	128.8155311
36.64158706	128.6902593
36.7122269	128.603873
36.68146245	128.6621822
36.71758147	128.780923
36.71277505	128.7941237
36.76865879	128.7505829
36.38259405	128.9271678
36.45708304	128.8748426
36.12288459	128.3428844
36.11094798	128.3943885
36.083602	128.3852941
36.11446442	128.4172291
36.19384381	128.3626089
36.1508583	128.4174682
37.02639853	128.6542922
36.84790112	128.469737
37.02716122	128.5952825
36.011379	128.829224
36.046092	128.800014
36.076055	128.735635
36.025697	128.790148
36.142351	128.980115
36.121787	128.96453
36.11445794	128.8635128
35.94469164	129.057571
35.8489844	128.8906085
35.97110152	128.9384715
35.97393043	128.9284601
35.94632899	128.9052453
35.96779295	128.9413238
35.958125	128.9456434
35.94357174	128.9307114
36.537936	127.924255
36.363937	128.14963
36.3929687	127.962927
36.406863	127.900332
36.578845	128.029944
36.562841	127.964983
36.678723	128.246458
36.696289	128.257163
36.66193	129.109039
36.597666	128.999096
36.748581	128.035483
35.95824361	128.7931648
35.82426268	128.7167745
35.81832133	128.7202898
35.81580235	128.7257364
35.81441608	128.726977
35.81555172	128.7287973
35.80739683	128.7413774
35.87484028	128.8135309
35.82854484	128.7305422
35.8396979	128.7518907
35.8384095	128.7501959
35.83590213	128.7652194
35.79352755	128.8585538
35.82576213	128.9505031
35.83849764	128.7282164
35.964696	128.790886
35.976375	128.761663
35.931798	128.785822
36.216561	128.536588
36.100675	128.668214
36.030238	128.628986
36.125179	128.720429
36.188063	128.832446
36.30496137	128.8013603
36.34150486	128.7450323
36.39195072	128.6777364
36.42318945	128.6831334
36.26979238	128.8200745
36.33335442	128.4158781
36.44797243	128.5524227
36.30739154	128.7727027
36.38054599	128.7032173
36.286153	129.001685
36.368182	129.145119
36.43325	129.025564
36.298532	129.176695
36.540618	129.085194
35.936057	128.765342
36.70993814	129.0429002
36.67800189	129.0372903
36.72304156	129.03916
36.75130552	129.0308819
36.78836306	129.0649106
36.74090127	129.0130348
36.69282044	129.0675365
36.83006909	129.268325
36.76497312	129.2759083
36.82844544	129.2577965
36.77814249	129.1912453
36.43026377	129.3115626
36.49033584	129.15375
36.44664719	129.2528136
36.37991194	129.3919522
36.60825277	129.2431508
36.56703705	129.3145048
36.52272099	129.4029518
36.45209433	129.4000872
36.35845676	129.2362993
36.49868605	129.4110357
36.34325878	129.3110507
36.3836447	129.3264848
36.60693898	129.2719723
36.56867359	129.341422
36.65004348	129.4028151
36.40475907	129.3892166
36.45288935	129.385322
36.51652426	129.4440969
35.64552242	128.7502348
35.68827514	128.7408724
35.68853366	128.7408009
35.679656	128.293553
35.669219	128.293616
35.761283	128.324745
35.758974	128.333404
35.77311147	128.1898125
35.73906604	128.259475
36.01632	128.57355
36.0159	128.60863
36.07904	128.40333
35.98567	128.37864
36.06507	128.53769
36.828208	128.459525
36.79349083	128.3925278
37.079725	129.116468
36.85261	128.981664
37.008509	128.73508
36.838756	128.922476
36.872597	128.748075
36.928628	129.031993
36.941453	129.06954
36.79621	129.33846
37.05959	129.29399
36.95476	129.39283
36.9263	129.2532
36.90769661	129.3840376
36.69869585	129.4241804
37.09348631	129.3713614
37.0880948	129.3723939
37.13223993	129.3622761
37.477506	130.893286
37.48324	130.896742
37.5125	130.8087088
37.495141	130.809387
37.52386841	130.8138323
37.507635	130.908704
37.531959	130.902543
37.4969	130.892251
37.48116	130.894299
37.46192	130.85402
37.460657	130.857629
37.466848	130.836654
37.477437	130.809293
37.540492	130.875477
37.534016	130.842231
37.541427	130.893717
37.461962	130.856386
37.463206	130.8767
37.540503	130.890366
34.934774	127.877221
34.804473	127.838458
34.822196	127.986973
35.490678	127.822165
35.48132084	127.8793976
35.4387173	127.840908
35.40195568	127.9544795
35.36289664	127.9046927
35.48140786	127.8793196
35.50392133	127.9093139
35.27653854	127.9850866
35.770279	127.718237
35.850821	127.835243
34.791973	128.665428
35.13944135	127.825512
35.18780909	127.834001
35.18705569	127.7837413
35.22690572	127.7356021
35.28969936	127.6455916
35.26255426	127.6356204
35.07303823	127.8306817
35.13612549	127.8745036
35.2747819	128.6165682
35.34342243	128.5827081
35.178905	128.222605
35.281482	128.1686469
35.25558	128.150721
35.215654	128.312416
35.04331408	128.1015771
35.06980261	128.0001344
35.06672218	127.9760904
35.09435741	128.0416984
35.08939099	128.1294669
34.97106333	128.1336636
35.10705038	128.0577055
35.04948833	127.9610816
35.06450746	127.9572261
35.22089856	128.7905138
35.31104388	128.8769125
35.30913486	128.970816
35.28611783	128.766662
35.46822407	128.2726307
35.42146706	128.3740215
35.4998132	128.2862667
35.362244	128.34233
35.38923	128.310491
35.46271928	128.2518405
35.32034021	128.1905438
35.32491614	128.1934029
35.27899	128.25689
35.4049801	128.358605
35.36913478	128.4074144
35.44617893	128.1949017
35.41169327	128.2943257
35.41636117	128.3055443
35.32376606	128.4628412
35.3535	128.5245
35.17532	128.43387
35.26719	128.46969
35.34945061	128.5397307
35.102707	128.326752
35.060486	128.29555
35.024871	128.301983
34.935354	128.299613
34.978962	128.169798
35.887746	127.874701
35.629117	127.961846
35.532072	128.683323
35.558593	128.623002
35.56857	128.60614
35.575937	128.595504
35.572967	128.795894
35.586938	128.807685
35.584259	128.828895
35.549491	128.934635
35.560875	128.940529
35.490395	128.925605
35.475331	128.930968
35.472707	128.938005
35.489287	128.722561
35.488053	128.710174
35.491238	128.691941
35.515127	128.881829
35.531091	128.887307
34.970403	128.388553
34.995891	128.309523
35.117578	128.254977
35.34794477	128.6245278
35.23673797	128.8304515
34.91201395	128.1793784
35.10279875	128.3269359
34.998265	128.237505
35.77832485	128.1400698
35.43712896	128.3727162
35.68221234	128.1670913
35.641655	128.257048
35.60568542	128.2680219
35.634721	128.059996
35.62945705	128.2754406
35.600242	128.093012
35.486374	128.02472
35.527656	128.010011
35.56474	128.012866
35.61391292	128.2233163
35.59802778	128.0148231
35.55566239	128.1556006
34.906736	128.334822
35.35965401	128.2442542
35.403982	128.364219
35.438256	128.251244
34.868247	128.4058635
34.77017519	128.401167
34.82426304	128.3445664
35.40963228	128.8761183
34.76466253	128.6144266
34.78059448	128.6375026
34.83372231	128.6463594
35.04152241	128.2816512
34.93757745	128.3027881
35.02491326	128.3020172
34.93010327	128.2956188
34.98160691	128.1674303
35.43077705	128.6123622
35.42997035	128.4433786
35.57077093	128.4455092
35.56643558	128.4166969
35.49719897	128.5456176
35.56356318	128.5706909
35.43557029	128.5904592
35.45885596	128.4953945
35.45815546	128.4581294
35.20278774	128.3329268
35.12646816	128.3110681
35.20690195	127.7102529
35.12741029	127.8251932
35.1596519	127.790178
35.37726337	127.6606065
35.8305205	127.9280302
35.44254324	128.9571722
35.4362498	128.9527235
35.29222664	128.1841914
35.314292	128.293574
35.43420476	128.3243304
35.38151022	128.2305061
35.44253192	128.0512288
35.11290287	128.5868393
35.262812	128.505829
35.44709818	128.2098391
35.40065	128.876614
35.376552	128.183205
35.43665598	128.9821571
35.57467292	128.1472547
35.60084237	128.1378779
35.24263578	127.736551
35.825585	127.813623
35.666726	127.980773
35.735558	127.84303
35.764702	127.85985
35.27100015	127.9279664
35.39076619	127.8464457
35.44252731	127.9022157
35.0908589	127.8254715
35.11670006	127.8508837
35.43754095	127.956848
35.50370464	127.9339427
35.3161695	128.0899582
35.2691643	128.1321691
35.1781747	128.2204571
34.99896258	128.0408071
35.6067687	127.9551907
35.46769677	127.6367171
35.47831844	127.6999518
35.74544317	127.684766
35.62422965	127.6842928
35.53117476	127.6484674
35.50521414	127.7385671
35.54340213	127.752029
35.202113	128.704458
35.169303	128.658229
35.2616089	128.6315774
35.2552037	128.6056295
35.3211862	128.6228756
35.3276061	128.5847647
35.3547865	128.6106843
35.228273	128.658506
35.3545904	128.6379621
35.177904	128.689963
35.188505	128.638706
35.180144	128.557125
35.116931	128.580125
35.13194	128.567544
35.215719	128.561168
35.170769	128.563382
35.24828213	128.546555
35.117618	128.797831
35.110832	128.755774
35.125714	128.712376
35.1855451	128.6837246
35.18764	128.637415
35.21023	128.657272
35.2115753	128.612714
35.2328448	128.6436585
35.2503604	128.6642807
35.192134	128.721521
35.1969833	128.7112973
35.191726	128.719844
35.183692	128.703621
35.186275	128.638237
35.1913051	128.6278079
35.25150469	128.600844
35.230165	128.696563
35.233082	128.69357
35.200734	128.700108
35.23897523	128.5417583
35.22072755	128.562222
35.20552603	128.0726618
35.17026071	128.0971093
35.19333411	128.0893738
35.20115516	128.0247265
35.16003652	128.0310313
35.19240796	128.2170383
35.11180696	128.1689176
35.19780475	128.1679005
34.871939	128.428344
34.85213	128.431455
34.86540828	128.4232828
34.90632693	128.3073439
34.8984	128.357
34.82747	128.40567
34.84611	128.41745
34.98791112	127.9509629
35.10386334	128.0990314
35.08337228	127.9031601
35.22079796	128.7905151
35.20045677	128.8126425
35.18073453	128.7817872
35.31029698	128.8767219
35.30909313	128.970777
35.28871054	128.7645931
35.29609191	128.763578
35.28624379	128.7202277
35.29720202	128.8781516
35.3493022	128.8092638
35.25366233	128.9022465
35.28111238	128.8884923
35.23697324	128.8889002
35.22894601	128.890106
35.25353466	128.9023485
35.25188091	128.9033335
35.27148959	128.8927605
35.24245767	128.9005253
35.24236526	128.9005064
35.24286916	128.9085228
35.24881845	128.8731376
35.26038485	128.8672984
35.23827313	128.8376503
35.23609187	128.8515911
35.2467584	128.8628779
34.89756089	128.5724773
34.85475508	128.6501927
34.87622853	128.5787335
34.81387972	128.6423975
34.8366652	128.6804361
34.88865756	128.5369425
34.93736566	128.7126499
34.86925286	128.5522468
34.91199036	128.6796216
34.88935663	128.4961945
34.9128221	128.5179164
34.94150153	128.6557816
34.791973	128.665428
34.76466253	128.6144266
34.78059448	128.6375026
34.83372231	128.6463594
34.954866	128.655756
35.42672607	129.1897875
35.39511497	129.1645919
35.43113471	129.158652
35.399944	129.004388
35.27884291	128.1900278
35.381917	128.177743
35.491111	128.373562
35.434419	128.225875
35.356076	128.143842
35.388136	128.27316
35.39549	128.277058
35.494432	128.313762
35.439789	128.309228
35.452823	128.366989
35.345173	128.296837
35.380509	128.138325
35.499052	128.40655
35.500787	128.397508
35.506149	128.392866
35.506508	128.38092
35.49789	128.381612
35.457766	128.333525
35.350328	128.286614
35.26795098	128.3747976
35.23676385	128.4034908
35.239429	128.419725
35.29164526	128.3502417
35.26079994	128.2772808
35.32026383	128.3310317
35.32511966	128.3658602
35.32048	128.42183
35.32842754	128.4453809
35.33567694	128.4072039
37.70101547	128.4071534
35.34733511	128.5249489
35.33016667	128.5390738
35.36258467	128.5719121
35.32129103	128.5709822
35.3191443	128.4521236
35.27551475	128.3283194
35.19424265	128.4558326
35.22205163	128.3177459
35.31939628	128.4520274
35.53383225	128.4270437
35.5827082	128.5082591
35.4429051	128.5718306
34.9668742	128.232984
35.01197431	128.2338362
34.97356983	128.1869436
34.908203	128.144763
35.03397743	128.4271494
34.926719	127.881725
34.800062	127.869464
34.807081	127.999227
35.441791	127.777583
35.465824	127.937201
35.455292	127.786338
35.275346	127.776844
35.374413	128.064164
35.66589745	127.673611
35.53487213	127.6437969
35.54755422	127.8188994
35.63781847	127.7058309
35.613533	127.918382
35.793554	127.971051
35.711526	127.979836
35.691355	127.881358
35.830463	127.887745
35.73877	127.951608
35.63302873	128.1295675
35.52846269	128.0294761
35.79211233	128.0935868
35.51967798	128.0616397
35.56754864	128.196873
35.63528631	128.0543116
35.53305095	127.9938103
35.61714675	128.2915654
35.51056018	128.2491465
35.79183441	128.0966402
35.55012478	128.3074056
35.57798052	128.2393544
35.51380372	128.1987253
35.64252658	128.0754451
35.65709545	128.1175809
35.71938405	128.0970943
35.48023341	128.1288166
35.48195488	128.1281995
35.42006447	128.1661126
33.429693	126.597109
33.407379	126.620089
33.394254	126.615588
33.378931	126.623397
33.3662	126.62523
33.348871	126.614928
33.337134	126.610414
33.435266	126.489633
33.397165	126.475577
33.386075	126.48147
33.379099	126.469502
33.324895	126.463592
33.308055	126.455266
37.382883	127.286098
37.22749	127.303171
37.08218	127.434919
36.911247	126.909231
37.031257	127.34962
37.284136	126.908725
37.176475	126.885925
37.225076	127.263553
37.27227	127.719396
37.465796	127.244917
37.339791	127.18398
37.451109	127.263208
37.213568	127.205989
37.129088	127.21313
37.607372	126.745204
37.159985	126.805701
36.996263	126.845828
37.149006	126.921931
37.50996	127.382973
37.482726	127.54459
37.533112	127.675041
37.956856	126.854862
37.900524	127.301543
37.798072	127.354422
37.690819	127.462853
37.599576	127.486637
37.666812	127.372237
37.648135	127.279457
37.782499	127.46526
38.099335	127.394262
37.972272	127.321077
37.86499	127.291791
37.791049	126.67977
37.736773	127.009807
38.039875	127.452886
37.765859	127.508219
37.152326	126.872249
37.940267	127.188166
37.992933	127.64426
37.827773	127.761196
37.667257	127.878639
37.43002	127.971386
37.279294	128.005317
37.506456	128.126
37.263931	127.902774
37.891608	128.267424
37.441986	128.093439
38.197911	127.339287
37.974908	128.082161
37.829193	127.679598
37.591346	128.305152
37.587629	128.39743
37.632427	128.490162
37.763142	128.611947
38.404704	128.467196
38.317329	128.529357
38.138347	128.615737
38.074826	128.632193
37.710869	128.991771
37.288742	129.296876
37.164516	129.342448
37.74287	128.340878
37.718321	128.420729
37.597539	128.423378
37.702192	128.826404
37.579623	128.855193
38.123375	128.31222
38.072232	128.537419
38.164756	128.260627
38.260249	128.360252
38.322363	128.36652
37.554657	128.439482
37.286286	128.406146
37.183905	128.533974
37.136689	128.689942
37.128683	128.813546
37.354326	128.927005
37.250908	128.662565
37.258034	128.768848
37.205596	128.850079
37.170212	129.03864
37.26936	129.064301
37.424524	128.253544
37.347185	128.44711
37.491099	128.787267
37.531428	128.926741
37.534252	128.059675
38.12456	127.996364
38.134303	128.066928
38.203408	127.518618
38.04389	127.618823
37.851289	127.86125
37.727537	128.290966
37.866829	128.514619
37.521977	128.567364
37.372407	128.665312
37.345704	128.71452
36.691905	127.156141
36.42434	127.278102
36.361179	127.264687
36.132485	127.355039
36.68411	127.170951
36.449367	126.815021
36.593866	127.162246
36.816768	128.01906
37.131559	128.153937
36.918342	128.37447
37.002897	127.583793
36.796645	127.716948
36.767599	127.930857
36.87521	127.654545
36.930249	128.244495
37.105255	127.738205
37.096436	127.970248
36.237457	127.667894
36.203457	127.730512
36.996516	127.435262
36.633485	127.390383
36.860678	127.438326
36.544582	127.558249
36.897349	127.293955
36.845268	127.50124
36.683256	127.522775
36.256917	127.515964
36.753988	127.310768
36.770841	127.227621
36.753365	126.967359
36.574192	126.667581
36.585246	126.630857
36.843293	126.583966
36.903121	127.278819
36.375149	126.628687
36.718885	127.006101
36.661257	126.986942
36.901286	127.032412
36.67367	126.609342
37.15961	127.884486
36.762657	127.735682
36.597575	127.683381
36.344046	126.784781
36.246012	126.880228
36.675284	126.864582
36.59106	126.912308
36.671218	126.641479
36.59771	126.504787
36.338576	126.629201
36.695872	126.287223
36.606382	126.318597
35.012871	126.769763
34.888687	126.429864
34.856778	126.259367
34.843808	126.466153
34.700617	126.6292
34.761612	126.739396
35.065624	127.089157
35.247809	126.51739
35.08303	126.962406
34.841053	126.777045
35.228925	126.956536
34.906693	126.991382
35.663175	126.957128
36.126506	127.338234
36.088313	127.27073
35.988327	127.216885
35.709272	127.239931
36.014744	126.752617
35.942999	126.769774
35.7604	127.185938
35.844167	127.283831
35.980847	126.797079
35.583395	126.521755
35.955218	127.661324
35.776878	127.605021
35.551271	127.494336
35.479366	127.016502
35.371296	127.113755
35.417721	127.263292
35.449828	127.4728
35.783908	127.421403
35.726418	127.63515
35.637782	127.359445
35.963629	127.846596
34.747215	127.069655
34.83068	127.267555
34.966929	127.264973
35.093534	127.425719
35.357845	127.437539
34.606387	127.295202
34.83102	127.073442
35.951949	127.52285
35.619338	127.490249
35.475614	126.993092
35.597747	127.00334
36.019024	127.580971
35.93301	127.751543
35.046589	127.28909
35.385743	126.997009
36.096364	128.133895
35.872834	127.938489
36.164628	128.421287
35.745792	128.354601
35.899767	127.985406
35.138714	128.349322
35.693154	127.891073
35.658884	127.818847
35.468295	127.860117
35.310573	127.977757
34.954866	128.655756
34.924564	128.36005
34.997943	127.797435
35.269821	127.918999
35.367003	128.125971
35.592662	128.1717
35.574357	128.245322
35.717477	127.663028
35.50205	128.166998
35.244022	128.096747
34.998736	128.189836
35.924485	129.01227
37.010365	129.413179
35.863327	129.146975
35.76824	129.052874
35.940148	129.258619
36.015946	129.010334
35.983581	129.106166
36.07402	129.33217
36.426095	129.049647
36.342411	129.055087
36.231234	129.048785
36.12841	129.111865
35.988323	129.466578
36.292668	128.903626
36.188247	128.904486
36.126872	128.95201
36.752027	128.040608
36.666542	128.125402
36.519639	128.164145
36.900682	128.448639
36.778097	128.647768
36.633457	128.690499
36.519289	128.680705
36.434148	128.671072
36.674262	128.474078
37.017571	128.979842
36.619433	128.371639
36.584489	128.565535
36.54916	128.661533
36.869573	128.913228
36.304412	128.913778
36.841729	128.656439
36.911184	128.82314
36.947311	129.086832
35.401983	128.523351
35.193346	128.528486
35.418106	129.277553
35.583547	128.507768
35.586497	129.003219
36.446375	127.928821
36.106687	128.750903
36.877943	129.003319
36.838532	129.067353
36.753187	129.162206
36.567022	128.966892
36.492161	129.146463
36.810558	128.318764
35.804861	128.151422
36.762452	129.177852
35.474852	127.661338
35.584784	127.76271
35.865032	127.828957
35.388639	127.850512
37.46118483	126.7645543
37.4032528	126.8773216
37.44928404	126.8052065
37.34129503	126.8714137
37.31058707	127.0129909
37.28937664	127.1505564
37.03696507	127.0983577
37.03431744	127.1311118
37.04631	127.1368055
37.09788518	127.1199803
37.41348026	127.0868395
37.44946518	127.0529983
37.29048795	127.3782991
37.40575158	127.0946465
37.39517172	127.0648011
37.2543768	127.6707325
37.34080122	127.862395
37.43185982	128.0091148
37.44877377	128.1002489
37.46816433	128.1492626
37.50912776	128.2433871
37.55079961	128.3166324
37.56217426	128.3801666
37.63942696	128.4988116
37.64543926	128.532719
37.67497159	128.6381361
37.66440233	128.7612171
37.70669831	128.7739226
37.758469	128.8056042
37.59072855	127.9730209
37.65985572	127.8908752
37.67539981	127.8657604
37.75876477	127.7958142
37.80220685	127.7716685
37.75559342	127.7968373
37.62079088	129.0363122
37.68200599	128.9850772
37.77770861	128.8341052
37.9934358	128.7189375
38.1182643	128.5800105
37.9707071	128.4004059
37.9707071	128.4004059
38.04734987	128.5848353
37.24386984	127.3597157
37.49847234	127.4530441
36.79618449	127.5073925
37.05303875	127.4755191
37.10951011	127.4452808
37.13626809	127.4411783
36.96248978	128.2987739
36.99614571	128.2918918
37.04026851	128.2479094
37.05599334	128.1965757
37.08378056	128.1698621
37.18803642	128.130216
37.23649978	128.0706601
36.76743493	127.9838823
37.04835438	127.731177
37.08321269	127.7212692
36.54586033	127.479322
36.49866063	127.5955682
36.4788764	127.6183123
36.4282136	128.0369841
36.3806125	128.1150718
36.97686981	127.3210491
36.97624943	127.5979718
36.74713043	128.0617772
36.76652505	127.2002908
36.33584831	127.3158289
36.27355398	127.7337768
36.27816359	127.4230108
36.85091501	126.6184162
36.8237272	126.6472466
36.94284052	126.7924291
36.72981008	126.7320626
36.59005306	126.9009977
36.51326886	127.0034472
36.36549746	126.9341029
36.38536499	126.9739004
35.46855535	126.7977056
35.59852691	126.8598619
35.89214817	127.0578096
35.62562706	126.6994944
35.98674927	126.823463
35.66589745	127.673611
35.89332936	127.6641167
36.00909045	127.5850647
36.0256832	127.5766865
36.22041529	127.486852
36.16404891	127.1938281
36.21860522	127.2754394
35.80571239	127.2539039
35.67084937	127.2924228
35.6920308	127.2641689
36.11683059	126.6392255
36.34131878	126.5653947
35.20109486	126.9297864
35.2697469	126.7922445
35.36187536	126.8117764
35.3240531	127.0235958
35.38065826	126.7009709
35.2611439	127.0658732
35.00316506	127.4824536
35.02061406	127.3540049
35.03384066	127.3015514
35.13495722	127.2507353
34.96569364	127.6445979
35.02785272	126.4790949
35.09472498	126.67751
35.14695498	126.7587083
35.15426511	127.4518345
35.31716203	127.3766464
35.41176036	127.3061005
35.55438707	127.3217093
35.57225225	127.3221426
34.70221549	126.8945483
34.7562553	126.9912159
35.36299859	127.1369875
35.48394526	127.5314478
35.53487213	127.6437969
35.92108529	128.4847369
35.93941533	128.4624309
36.06972005	128.3949695
36.17900884	128.013779
35.89250358	129.0236339
35.87302681	128.7564702
36.00732047	128.5472048
36.14304192	128.5408728
36.18589602	128.5507808
36.40020467	128.5934348
35.91960258	128.6675863
35.9489739	128.706199
35.95312174	128.7816664
36.06214978	129.1439342
36.08219706	129.1662664
35.54755422	127.8188994
35.71278727	128.2902513
35.76924669	128.4201299
36.53733791	128.6380013
36.58684188	128.6308889
36.61455947	128.5620913
36.63894712	128.5494847
36.87248746	128.4937975
36.9108399	128.4072301
36.02121371	128.2666229
36.11397656	128.2767983
36.42372611	128.6507035
36.45639858	129.0317143
36.47231168	129.0586633
35.28235638	129.1549388
35.27983827	128.7201217
35.27031959	128.4850472
35.00380029	127.8181281
35.04014486	127.8871803
35.28284456	128.3268247
35.40749625	127.8705845
35.63781847	127.7058309
35.55537641	129.2507616
35.79597407	129.4270765
35.8797762	129.3923462
35.09195653	128.1725079
35.67569384	129.1772826
37.53094284	126.5543986
36.391596	127.074418
36.4225263	127.0826658
36.432956	127.07887
36.6209502	127.1204146
36.65433	127.1111344
36.6810769	127.1172075
35.55201527	128.7900618
35.68853366	128.7408009
35.71405552	128.7433428
37.67032219	127.106898
37.67598178	127.0880478
37.70912868	126.9694739
37.62214995	127.279876
37.63413819	127.3684518
37.64949691	127.430264
37.75742617	127.7416352
37.42638889	127.0908333
37.46472222	127.0927778
37.13526111	127.0020444
37.437248	126.65169
37.482161	126.494289
37.05588989	126.8818281
37.269949	126.745912
37.39967312	127.7496701
37.39034837	127.8339444
36.25767332	128.4445099
36.23421681	128.4977467
36.18539324	128.5364564
37.60116219	127.1140907
37.69716151	127.1197123
